Sample	Treatment	Scaffold	Position	Ref	Alt	Quality	Gene_ID	ERG_Name	SC_Gene_ID	Effect	Impact	Codon_Change	Amino_Acid_Change	Distance	Variant_Type
STC-CTRL	STC-CTRL	w303_scaffold_7	848074	G	GAT	178.063	W3030G04090	ERG1	YGR175C	upstream_gene_variant	MODIFIER	c.-89_-88insAT		89	INSERTION
STC-CTRL	STC-CTRL	w303_scaffold_7	848101	G	GA	33.723	W3030G04090	ERG1	YGR175C	upstream_gene_variant	MODIFIER	c.-116_-115insT		116	INSERTION
STC-CTRL	STC-CTRL	w303_scaffold_16	667515	C	CAA	62.3058	W3030P03320	ERG2	YMR202W	upstream_gene_variant	MODIFIER	c.-333_-332insAA		332	INSERTION
